16.2759259259
16.1703703704
16.0718518519
16.072962963
16.1874074074
16.3762962963
16.5644444444
16.7037037037
16.8022222222
16.8655555556
16.9107407407
16.94
16.9462962963
16.9292592593
16.8825925926
16.8414814815
16.81
16.7881481481
16.7451851852
16.6685185185
16.5444444444
16.3788888889
16.2025925926
16.0659259259
15.9888888889
15.9533333333
15.9166666667
15.8744444444
15.8362962963
15.8137037037
15.8018518519
15.7874074074
15.7977777778
15.8325925926
15.8966666667
15.9433333333
15.9559259259
15.9251851852
15.8655555556
15.7696296296
15.6414814815
15.4866666667
15.3662962963
15.3025925926
15.3085185185
15.3374074074
15.372962963
15.3996296296
15.4166666667
15.4162962963
